camera_matrix:
- - 779.876023024595
  - 0.191424597424630
  - 653.398847591633
- - 0.0
  - 780.161259342144
  - 363.593447719736
- - 0.0
  - 0.0
  - 1.0
camera_u: 720
camera_v: 1280
dist_coeff:
- - -0.395161584355059
  - 0.175195041915323
  - -0.00145641146322572
  - -0.000173675759671132
  - -0.0411128399613536
information: Camera calibration parameters
